Attack IP
31.39.6.216
78.154.174.174
109.123.253.48
206.189.206.75
189.238.152.100
196.251.84.225
45.135.232.177
45.140.17.124
45.135.232.92
2.57.121.112
103.172.146.170
91.98.208.107
37.247.49.56
91.202.233.33
125.74.128.224
202.51.101.250
193.46.255.103
193.46.255.99
193.46.255.244
193.46.255.217
193.46.255.33
193.46.255.7
80.94.93.233
80.94.93.119
62.60.131.157
193.46.255.20
185.217.1.246
193.46.255.159
193.32.162.157
172.238.122.19
2.57.121.25
118.182.99.253
211.91.91.153
59.56.73.141
36.111.81.230
195.3.147.80
185.246.128.170
103.144.28.49
114.98.227.36
88.151.34.37
185.246.130.20
151.242.25.74
83.220.168.210
123.188.238.116
50.6.225.98
217.154.197.12
23.248.211.58
170.64.139.173
116.197.152.70
84.131.162.81
170.64.157.88
206.189.10.145
185.246.128.171
178.20.210.134
52.230.98.65
124.197.21.172
152.42.134.180
196.251.118.184
125.77.172.23
222.255.250.41
165.154.177.119
183.215.223.68
209.38.86.59
58.251.251.225
134.199.160.160
134.199.198.153
167.71.207.129
218.92.247.138
167.71.7.212
118.145.178.170
170.64.198.125
170.64.133.38
165.232.95.212
49.235.60.63
165.22.216.41
14.198.201.110
170.64.139.249
170.64.237.14
193.24.211.201
188.166.226.129
185.213.164.191
180.76.240.235
119.15.114.254
134.199.207.63
180.184.181.118
92.118.39.73
134.199.195.115
92.118.39.62
101.36.107.228
124.123.98.90
164.92.243.206
152.42.132.210
50.114.48.34
164.92.213.162
72.167.220.12
14.103.107.250
45.61.184.133
5.9.106.226
128.14.227.179
49.72.213.251
134.209.89.55
143.110.186.12
78.109.200.135
64.227.77.220
209.38.26.45
209.38.27.181
68.183.10.37
153.37.148.150
36.139.172.142
129.212.176.242
129.212.180.132
129.212.190.248
134.199.206.156
178.128.247.193
210.65.129.16
103.207.64.251
139.59.58.148
186.96.145.241
103.207.99.1
134.199.152.237
191.13.136.179
167.172.38.5
164.92.154.90
170.64.179.151
178.128.17.159
64.227.73.136
129.212.187.205
196.251.71.176
103.126.161.74
212.127.78.122
138.197.43.50
152.53.20.115
157.92.145.135
185.237.206.35
185.68.247.151
38.244.20.111
45.164.204.234
139.59.81.98
154.72.93.170
104.238.221.152
115.140.161.61
194.195.114.192
179.61.154.16
161.132.37.66
36.137.79.219
115.186.137.114
165.22.212.48
188.166.60.189
103.140.126.17
121.227.31.82
196.203.106.29
65.37.124.237
159.65.158.33
112.17.79.162
139.170.138.243
45.155.164.138
27.79.6.120
103.96.73.248
188.166.211.175
196.203.106.108
38.187.210.80
206.189.140.15
60.9.4.9
5.199.164.175
123.54.197.52
111.32.36.226
134.199.153.149
103.148.195.161
206.47.13.1
196.251.88.103
222.186.133.150
141.255.164.26
43.138.105.254
117.139.200.157
64.227.129.107
180.76.195.141
170.64.176.32
170.64.180.208
103.70.122.210
159.223.6.140
176.235.182.73
129.212.180.53
129.212.183.133
134.199.202.8
134.199.205.210
2.57.122.177
165.232.189.30
114.112.96.35
125.166.115.151
167.99.222.32
140.233.190.96
161.35.86.177
142.93.211.205
45.186.251.70
134.199.199.56
39.152.6.12
92.118.39.87
78.128.112.74
129.212.176.219
14.103.172.199
46.4.76.229
195.178.110.30
8.148.189.130
129.212.190.37
174.138.116.10
36.137.91.17
58.34.168.162
164.90.204.94
123.139.214.42
64.227.191.170
174.138.4.236
167.71.201.62
134.209.147.226
142.93.208.220
159.89.163.192
165.154.121.39
206.189.10.169
206.189.99.45
170.64.234.209
134.199.153.74
103.144.87.192
167.99.214.106
104.248.82.35
115.190.9.8
122.165.60.231
125.243.25.84
170.64.190.10
39.183.171.80
45.15.226.135
50.80.48.190
51.81.104.123
64.227.139.236
115.190.63.209
168.167.228.74
46.101.197.107
62.113.75.221
209.38.122.48
174.138.0.7
142.93.212.62
159.223.210.33
170.64.184.255
167.71.237.250
221.207.54.125
64.227.70.8
182.61.21.59
110.39.141.38
46.101.222.112
103.67.78.222
188.150.144.209
46.59.10.18
134.199.151.109
170.238.160.20
147.182.194.60
170.64.193.166
134.199.153.222
157.245.69.249
212.233.136.201
64.227.139.145
212.87.220.20
206.189.133.109
143.198.96.196
103.140.127.215
128.199.13.81
159.89.20.223
167.172.178.186
134.199.199.44
139.59.113.170
143.198.201.181
147.182.204.39
176.109.92.170
20.2.136.52
20.39.185.81
211.224.30.3
213.212.36.174
217.154.167.36
34.47.232.78
36.189.207.209
40.90.161.91
41.94.88.219
5.167.79.4
51.222.50.114
170.64.134.52
165.154.233.77
194.48.97.49
139.59.66.226
223.145.16.121
134.199.169.176
5.182.83.231
159.89.167.115
159.89.175.125
176.213.141.182
12.156.67.18
134.199.163.164
203.154.162.65
93.113.63.124
134.199.171.39
139.162.11.96
167.172.34.171
64.227.153.24
67.205.163.146
103.248.120.6
159.223.6.155
178.49.109.109
104.131.185.141
161.35.94.131
209.38.30.191
134.199.147.33
177.130.248.114
170.64.213.77
82.66.241.237
47.242.0.187
106.14.124.121
139.170.141.213
202.39.251.216
209.38.197.9
212.23.214.228
216.45.53.140
91.236.247.226
106.13.61.177
178.128.9.79
170.64.177.12
64.227.132.75
87.121.117.142
45.81.23.49
170.64.161.104
170.64.213.183
193.32.162.146
170.64.145.166
170.64.160.50
35.240.174.82
116.110.150.90
170.64.185.108
36.67.70.198
103.159.199.42
165.232.127.208
182.18.161.232
20.102.116.25
79.9.176.87
162.241.127.152
211.193.38.23
64.227.181.59
143.244.140.95
192.3.176.47
206.189.98.239
64.227.186.18
129.212.176.123
129.212.183.7
129.212.185.61
129.212.190.97
134.199.195.13
134.199.195.54
134.199.197.149
134.199.198.17
134.199.199.181
134.199.204.18
134.199.205.142
134.199.207.243
209.38.21.111
134.199.165.203
221.219.177.198
36.50.23.38
94.182.15.94
121.204.171.142
206.189.98.40
177.234.145.2
39.181.154.54
209.38.29.128
134.199.201.165
164.92.85.77
91.108.247.60
43.153.122.26
157.245.108.193
170.64.237.231
188.166.42.172
220.178.8.154
116.193.191.209
128.199.21.1
167.71.228.159
83.229.125.14
103.172.237.182
64.227.185.99
115.190.103.227
171.231.193.207
170.64.145.17
216.10.247.49
31.7.72.6
117.72.164.136
165.232.80.164
45.149.206.240
171.231.184.126
159.223.218.182
103.181.143.104
115.190.79.234
152.32.215.203
172.245.45.194
189.241.21.50
190.181.25.210
43.153.120.140
62.219.172.50
111.53.121.155
151.243.109.136
170.64.207.100
185.50.38.135
187.16.96.250
188.166.159.88
20.197.53.204
218.145.181.48
61.219.181.31
128.1.131.163
164.177.31.66
182.93.7.194
188.166.59.134
20.255.62.58
45.148.10.196
143.110.191.222
152.32.130.118
176.65.132.102
45.135.224.235
217.156.65.226
49.235.144.149
128.1.44.115
50.116.21.107
102.88.137.80
103.217.144.65
103.23.198.49
14.63.196.175
182.93.50.90
187.210.77.100
119.197.101.74
119.197.87.141
119.206.94.126
121.132.81.3
175.209.80.223
218.156.176.223
218.157.205.137
220.81.148.114
222.104.120.107
222.116.66.148
45.15.226.44
58.249.144.185
61.74.111.184
83.252.47.103
161.35.75.39
197.44.15.210
111.26.6.111
64.188.30.192
222.221.36.77
91.205.219.185
209.38.25.96
165.22.63.108
106.75.133.87
178.128.254.41
62.178.191.71
101.43.12.185
101.43.70.156
103.49.239.77
162.214.101.10
197.5.145.44
34.92.62.225
47.104.188.47
50.6.227.30
65.254.80.99
82.196.25.62
118.25.109.178
93.123.109.113
103.153.190.105
203.150.140.42
203.215.177.203
45.178.113.11
222.174.13.209
206.189.4.87
158.51.96.38
20.12.41.6
74.208.133.247
101.47.183.78
139.224.11.209
139.59.1.196
165.154.14.28
94.182.106.61
101.126.4.215
103.113.105.228
103.2.225.33
103.51.129.52
117.6.44.221
128.1.132.137
137.184.61.82
138.248.168.20
143.198.156.29
151.242.30.71
154.82.84.134
158.69.210.167
162.223.91.130
167.99.78.165
172.191.157.64
178.178.127.114
183.91.11.36
192.227.213.240
4.211.84.189
45.189.179.220
46.188.119.26
89.23.116.201
101.36.122.23
102.88.137.213
103.14.33.177
103.172.204.220
103.193.178.68
104.223.85.124
107.173.127.215
107.175.209.254
109.91.4.177
115.160.79.71
12.189.234.28
131.100.242.102
142.171.224.124
154.91.170.39
172.245.168.112
181.28.101.14
185.213.175.140
200.44.190.194
209.38.106.148
213.207.196.26
217.160.74.121
24.232.50.5
45.138.159.230
45.43.55.121
62.60.218.138
78.159.98.113
85.133.193.72
94.254.0.234
116.193.191.90
156.236.75.209
178.128.243.225
27.112.78.223
34.59.175.189
45.78.224.149
45.94.4.184
68.183.46.135
103.181.143.232
129.154.42.120
192.171.62.226
194.164.203.160
211.201.163.70
89.218.69.66
89.111.140.86
152.32.213.170
170.64.237.255
70.54.182.130
156.54.170.192
103.154.77.48
14.103.128.118
152.136.180.111
107.189.27.70
123.30.249.49
190.145.3.211
47.243.115.50
68.183.83.130
103.193.178.65
154.114.73.103
173.249.50.59
173.249.41.171
122.176.222.125
27.254.149.199
106.124.137.21
167.71.230.163
41.214.125.65
103.76.120.146
164.90.192.224
8.154.1.148
102.210.149.105
165.232.187.36
167.71.3.8
201.249.205.94
27.50.25.190
42.51.41.252
114.130.85.36
115.190.25.109
144.217.76.9
209.38.22.4
34.92.146.210
147.182.173.108
104.248.199.20
171.231.188.107
160.191.89.118
103.70.122.212
64.188.64.105
103.186.1.197
94.74.164.27
103.59.95.213
103.70.122.208
74.243.236.86
103.187.147.35
103.243.26.174
111.42.108.205
196.251.71.178
216.189.157.132
91.237.163.112
109.123.232.102
41.58.186.130
103.144.3.40
103.76.120.106
118.193.38.207
74.69.137.107
103.183.75.228
45.78.222.107
101.36.124.127
102.211.209.191
103.114.147.217
103.143.238.173
103.226.138.52
103.234.151.178
103.253.21.190
103.86.180.10
103.86.198.162
104.168.117.131
104.208.108.166
107.173.51.83
107.175.51.213
107.189.23.28
111.30.42.43
114.8.146.58
118.35.127.189
122.8.184.4
123.58.212.133
123.58.213.127
130.250.191.236
134.122.95.85
137.184.30.179
138.68.98.237
139.150.83.88
14.63.217.28
142.93.126.22
143.198.81.60
152.32.145.111
152.32.172.161
152.32.203.205
152.32.252.65
154.72.233.36
157.10.252.119
161.35.210.149
162.214.92.14
164.90.160.221
164.92.243.120
165.154.242.7
167.172.171.50
172.214.209.153
177.52.80.215
178.140.2.122
181.49.50.6
184.82.218.122
185.121.0.25
185.250.149.8
185.255.91.50
186.124.138.52
186.248.197.77
187.174.238.116
188.166.169.185
188.253.117.102
190.167.237.191
192.3.105.24
193.77.82.166
194.107.115.65
194.113.236.217
195.190.104.66
196.28.242.198
197.5.145.150
198.98.56.205
202.137.208.34
204.157.179.78
205.185.126.121
206.217.136.36
207.188.148.179
209.38.228.14
209.38.41.4
210.79.190.22
210.79.191.147
211.254.212.59
213.165.85.216
213.32.245.214
222.108.100.117
23.91.96.123
27.112.78.170
34.93.128.179
37.17.230.158
38.47.94.55
41.111.162.34
41.216.178.119
42.200.66.164
42.96.20.12
43.135.131.69
45.138.158.114
45.159.189.193
45.249.245.138
45.80.174.126
46.24.47.94
5.129.214.96
5.160.197.231
51.75.27.166
52.224.109.126
59.26.132.170
64.227.184.115
79.106.102.70
79.59.175.196
79.6.62.97
81.192.46.29
85.208.253.156
85.208.254.241
87.106.188.106
89.105.28.25
92.191.96.115
92.53.99.141
94.184.18.33
95.167.225.76
103.145.145.75
103.157.224.56
103.189.235.65
103.210.22.105
103.217.145.144
103.48.192.48
103.49.239.184
103.70.122.211
103.70.122.214
104.168.4.171
107.175.70.59
115.129.253.20
120.28.109.188
125.20.16.22
128.199.183.138
130.250.191.237
139.59.188.13
152.32.129.140
154.205.129.28
154.91.170.52
155.4.244.179
158.174.211.17
159.223.8.81
161.132.49.155
162.240.156.34
163.44.173.168
163.44.99.24
165.232.190.44
176.95.247.26
179.51.153.37
181.188.172.6
191.189.28.204
191.223.75.89
193.32.162.145
196.188.120.232
198.46.207.98
202.165.17.196
222.107.251.147
27.254.192.185
36.88.28.122
36.93.247.226
38.25.39.212
39.117.79.36
43.135.75.196
43.153.6.158
45.145.224.226
46.20.111.2
50.6.5.235
52.250.16.220
61.220.127.240
83.235.16.111
84.184.107.211
85.133.253.204
92.27.101.99
101.36.107.103
103.100.209.195
118.193.39.127
129.226.4.89
152.32.201.226
154.198.162.75
165.99.50.219
167.71.5.181
179.33.210.213
183.94.33.245
185.213.165.65
222.232.176.7
35.219.77.127
36.75.247.56
41.59.229.33
60.199.224.55
62.28.222.221
64.227.139.157
103.59.94.124
185.227.152.155
43.157.39.13
103.70.122.209
103.82.37.34
112.17.140.107
45.78.200.112
103.250.10.21
103.70.122.213
115.21.183.150
155.4.244.169
170.79.37.88
207.46.224.86
209.38.206.249
156.236.75.188
167.99.217.208
167.99.36.61
113.164.66.10
115.190.163.71
147.50.103.212
203.104.43.41
213.55.85.202
64.227.160.144
81.200.14.134
94.228.115.210
117.250.96.66
121.5.164.197
147.93.7.14
221.159.150.85
23.97.62.128
45.169.200.254
103.172.204.83
187.51.208.158
103.70.122.215
139.59.30.223
38.3.71.27
92.118.39.95
157.90.200.81
196.204.240.61
200.189.27.3
34.92.81.41
90.180.197.128
157.230.40.249
104.248.199.216
116.196.71.115
139.59.77.167
173.249.52.138
186.30.115.187
27.110.166.67
139.59.61.225
176.106.245.156
93.123.109.114
136.113.51.9
36.133.109.170
69.48.201.185
103.183.74.130
103.254.172.165
118.193.61.63
178.62.238.214
45.78.217.138
52.174.67.71
107.172.151.218
170.64.139.48
27.111.32.174
114.80.34.158
134.199.150.212
45.78.219.117
85.193.88.9
101.89.110.177
103.59.200.5
156.245.239.180
103.63.108.25
103.97.135.245
117.50.55.96
138.204.127.54
181.188.176.245
190.153.249.99
58.98.200.129
95.58.255.251
118.26.36.195
121.228.31.181
134.199.173.21
160.202.8.218
209.97.183.43
101.47.163.93
125.94.146.123
14.103.241.133
118.193.38.150
34.58.124.191
103.175.16.86
103.230.120.88
103.76.120.47
111.228.63.56
112.54.142.215
116.177.172.94
117.72.55.124
120.42.37.22
121.185.89.74
150.136.103.156
157.10.168.144
166.154.227.55
171.80.9.141
178.158.194.4
178.62.88.183
195.23.165.127
198.24.79.245
199.188.100.89
202.59.194.246
212.227.102.63
24.199.117.9
36.134.11.210
39.105.127.153
47.243.118.213
62.3.34.93
66.154.119.88
79.21.150.123
8.135.237.87
8.155.162.67
8.219.186.194
81.234.88.7
90.231.215.250
91.109.114.149
103.100.208.88
103.210.22.17
109.173.108.188
123.209.66.121
171.231.199.112
202.79.29.108
37.60.241.145
8.138.246.58
102.129.137.213
177.8.71.122
45.40.57.41
103.154.87.242
109.123.232.54
129.212.191.190
140.249.22.89
170.64.148.116
177.75.6.242
80.250.153.82
101.42.248.167
103.159.132.91
111.47.93.95
118.193.34.156
165.154.112.12
172.105.203.68
192.144.190.216
34.86.229.212
45.119.81.249
5.160.197.232
101.47.141.162
103.24.63.85
104.168.35.231
111.238.174.6
173.212.228.191
181.116.220.11
182.44.63.58
221.225.83.45
59.98.148.5
101.36.109.176
101.47.5.97
102.218.89.110
102.23.122.235
103.100.211.182
103.144.28.85
103.153.110.189
103.161.170.12
103.164.9.82
103.165.156.59
103.171.85.219
103.211.217.182
103.250.10.101
104.168.76.140
106.51.1.63
107.150.20.228
107.170.232.33
107.173.10.71
107.174.50.169
107.174.67.215
107.175.54.2
115.91.91.182
116.193.191.100
116.193.191.46
116.71.136.125
118.193.43.244
118.193.61.170
118.99.80.32
119.203.251.187
125.215.218.161
128.199.157.145
128.199.250.152
137.184.145.163
137.184.202.107
138.68.166.31
138.99.80.102
144.31.194.75
144.48.8.10
147.182.216.230
147.50.227.79
149.248.50.23
15.207.18.53
150.5.129.10
152.32.172.117
152.32.192.52
152.32.218.149
152.42.203.0
154.37.223.177
154.70.102.114
154.91.170.15
154.92.22.214
155.94.170.106
156.54.108.185
157.15.40.8
157.230.85.50
158.178.141.16
159.89.161.111
160.20.186.237
161.35.31.201
162.214.126.1
162.240.212.247
162.241.87.197
163.227.52.50
163.47.34.82
164.90.225.61
164.92.106.89
165.154.235.179
171.244.141.177
172.185.24.228
172.245.106.112
172.245.42.201
172.245.92.99
177.157.204.209
177.66.129.184
18.178.241.10
180.243.252.46
182.253.54.54
182.75.216.74
185.113.139.51
185.16.214.226
185.213.174.209
185.255.91.226
185.255.91.28
185.40.30.168
185.94.29.214
186.121.244.202
186.209.77.235
186.80.18.158
188.164.195.81
188.166.232.44
189.178.106.189
189.36.132.232
189.50.142.82
190.60.51.173
190.69.183.96
192.124.180.160
192.241.134.107
192.3.233.191
193.111.248.234
193.123.68.117
194.107.115.2
196.196.253.2
196.22.48.114
197.13.24.157
197.5.145.102
198.12.114.232
198.12.86.4
198.46.249.175
198.98.55.71
199.195.251.159
20.109.73.208
20.153.132.112
20.253.214.172
200.89.178.151
201.124.25.166
202.165.15.132
202.4.106.201
206.189.75.41
207.249.96.38
210.183.21.53
210.79.190.151
210.90.155.178
213.6.203.226
217.154.201.75
217.168.135.59
220.247.224.226
23.157.88.55
23.95.128.167
23.95.37.90
27.254.235.13
34.128.77.56
34.131.131.43
34.57.181.41
34.91.0.68
34.92.247.119
35.240.75.51
36.50.177.248
36.66.16.233
36.95.194.54
37.123.192.207
37.202.197.7
37.255.249.201
37.32.9.235
4.247.148.92
40.117.97.0
42.200.78.78
43.130.49.245
43.155.21.198
43.157.169.99
43.161.245.90
45.135.232.248
45.232.73.84
45.249.245.22
45.61.187.220
45.84.220.195
46.101.206.166
49.247.36.49
49.247.37.22
5.195.226.17
50.225.176.238
51.210.7.117
52.183.128.237
52.187.9.8
52.237.80.79
59.126.195.45
59.97.205.137
60.199.224.2
64.227.44.227
64.23.180.137
64.23.189.160
66.55.75.78
67.10.185.103
68.183.93.67
69.5.189.63
77.222.100.142
77.90.148.2
78.39.48.166
79.116.35.29
80.253.31.232
83.49.192.37
87.236.38.246
89.44.137.240
89.97.218.142
91.144.158.231
92.205.57.72
95.90.13.168
101.126.43.232
102.134.17.194
102.210.149.141
103.109.23.84
103.117.56.152
103.146.203.72
103.171.85.124
103.172.236.241
103.187.146.90
103.210.21.178
103.217.145.120
103.224.247.23
103.226.139.139
103.243.27.122
103.31.38.209
103.49.238.251
103.59.94.62
103.81.86.208
103.82.21.8
107.174.26.130
110.93.250.15
116.73.240.74
118.26.36.241
134.199.225.42
142.171.103.162
147.93.154.186
152.32.172.146
152.32.239.90
154.91.170.77
157.230.53.170
157.66.34.121
158.174.210.161
159.223.37.230
161.132.50.17
165.227.32.198
170.238.160.191
172.174.5.146
172.210.82.243
173.212.238.152
178.128.152.40
181.143.226.68
182.43.235.218
185.216.116.13
185.50.38.171
187.52.248.31
188.166.156.169
188.166.248.139
195.154.230.210
195.178.191.5
196.251.71.210
197.5.145.73
198.12.92.244
199.47.146.56
200.108.174.4
200.225.246.102
202.125.94.71
202.157.176.29
203.190.53.154
205.185.115.224
206.189.133.245
209.141.43.77
210.114.22.126
222.92.90.190
222.98.122.37
31.24.251.42
34.122.106.61
34.69.0.72
36.71.178.205
40.74.115.25
42.112.42.129
43.130.58.122
43.133.185.172
43.160.207.173
43.167.197.36
45.120.216.232
45.78.206.228
45.78.217.49
49.229.102.187
50.99.171.3
51.75.253.68
58.27.134.38
61.222.211.114
66.116.199.234
68.183.210.16
68.233.116.124
77.192.248.233
79.106.102.69
79.175.151.48
81.215.228.18
94.101.187.217
95.39.201.205
101.36.119.50
101.36.119.98
103.13.206.142
103.148.100.146
103.163.215.10
103.49.238.51
103.67.78.187
113.138.242.233
14.22.89.30
14.29.212.131
154.221.22.203
159.253.36.117
167.71.11.189
171.244.61.82
176.215.234.212
193.233.127.56
202.51.214.99
211.20.14.156
39.109.104.252
43.224.248.187
45.172.152.74
61.72.55.130
67.207.83.103
103.147.211.2
103.150.11.251
103.217.144.113
103.23.198.201
104.244.74.84
106.75.36.218
115.190.74.101
118.145.189.160
156.244.19.93
223.247.33.150
36.50.176.39
42.112.38.52
45.78.194.217
1.222.42.234
101.47.163.227
107.150.106.178
14.225.3.79
159.223.11.232
186.31.95.163
20.193.141.133
202.62.8.90
203.83.231.93
27.128.170.160
63.250.61.197
85.193.92.207
103.187.147.165
103.213.238.91
103.31.39.66
112.216.108.62
154.83.15.123
180.184.65.18
45.165.65.111
45.61.187.30
45.78.216.132
45.78.222.237
103.59.163.133
14.103.235.143
152.42.165.179
35.222.117.243
36.99.192.221
101.47.51.24
107.175.39.180
109.248.201.99
14.139.216.56
154.221.28.214
46.101.164.239
95.128.196.229
103.187.147.214
113.141.166.35
14.103.127.75
14.29.175.242
196.189.155.89
101.47.50.42
160.191.244.74
38.100.203.79
111.198.221.98
116.55.245.26
152.32.135.139
164.92.213.67
36.50.176.16
49.207.241.9
62.97.44.51
103.48.84.20
115.190.160.14
121.229.191.90
154.218.7.28
183.61.109.11
2.58.80.150
202.157.177.161
4.240.94.164
45.78.220.155
45.78.227.2
61.220.235.10
8.210.137.221
101.47.181.252
103.176.20.115
103.59.163.135
109.123.249.107
139.59.43.150
164.152.250.192
36.103.222.120
36.105.205.231
45.78.194.199
103.143.11.97
124.156.182.124
157.20.32.217
209.141.53.124
45.78.219.135
45.78.229.142
49.232.215.114
64.227.184.117
101.43.142.81
106.75.162.123
115.159.206.169
149.102.141.241
185.25.102.98
45.78.222.3
47.87.15.244
50.6.193.137
58.221.60.25
101.47.142.27
103.237.144.204
106.13.69.159
138.124.31.19
20.47.72.43
205.254.166.160
45.78.217.52
101.47.161.255
101.47.50.203
125.91.33.72
157.245.49.180
173.249.26.75
179.63.5.23
180.76.96.235
185.228.135.173
189.146.22.190
193.32.162.151
45.78.217.224
45.78.217.93
45.78.219.121
45.78.219.148
45.78.228.110
61.171.2.170
94.184.18.199
101.47.162.104
103.182.132.154
103.20.122.54
103.82.52.54
115.190.24.246
120.240.236.178
14.103.140.39
185.12.204.239
220.170.52.145
27.155.77.43
45.78.203.22
103.110.85.148
106.13.142.171
115.190.21.238
118.196.13.204
14.103.163.65
161.118.208.179
164.92.208.226
186.103.169.12
194.87.45.61
209.38.123.89
45.78.198.162
81.192.46.45
103.114.146.178
114.220.176.172
139.59.117.55
180.101.226.115
197.225.146.23
36.93.249.106
46.148.229.196
94.182.145.141
95.181.162.36
101.47.160.101
102.88.137.145
103.139.59.214
107.131.126.77
223.247.218.112
24.233.210.188
45.78.202.90
45.78.219.200
50.117.233.102
60.188.57.81
80.82.38.8
81.70.175.102
92.169.221.92
1.221.66.66
101.47.143.185
173.212.197.175
206.189.130.170
45.78.205.124
45.78.222.225
82.223.98.115
101.47.141.103
103.106.194.74
115.190.40.179
115.190.80.244
117.68.123.39
129.80.121.236
14.103.113.224
14.225.253.26
161.10.72.213
183.234.64.3
185.156.174.178
27.254.235.2
45.148.10.240
45.78.194.86
45.78.216.181
45.78.227.151
46.101.206.69
101.47.142.210
103.216.116.183
113.113.80.36
113.249.103.127
115.190.15.27
122.53.133.167
134.199.205.214
159.13.36.0
170.64.200.84
171.231.192.166
192.124.180.23
37.46.18.65
45.78.219.74
59.3.76.218
101.47.141.35
101.47.141.71
101.47.142.98
103.176.79.117
103.181.143.10
106.58.166.77
114.132.53.248
115.193.103.44
118.196.23.222
125.88.225.11
128.199.33.46
218.78.55.95
36.26.72.149
43.143.137.138
43.143.191.60
45.78.227.236
101.47.140.218
101.47.48.138
101.47.48.147
106.38.195.164
115.190.33.77
115.190.94.21
117.62.22.127
119.82.65.219
167.71.225.247
207.154.247.4
45.137.70.54
45.78.194.57
45.78.198.158
45.78.207.24
45.78.217.22
45.78.219.151
45.78.219.216
45.78.219.68
45.78.222.53
45.78.223.80
5.129.200.237
101.47.49.28
118.145.213.216
119.255.245.44
14.103.118.136
175.27.169.227
176.65.148.49
203.209.181.4
203.57.85.50
45.7.230.134
45.78.194.34
45.78.227.240
5.2.123.27
60.167.183.200
107.174.55.72
112.216.120.67
115.190.136.184
118.122.147.195
14.103.112.107
14.103.117.143
14.103.118.226
14.116.200.5
165.232.188.221
45.142.107.207
45.78.219.147
45.78.227.155
101.47.161.85
101.47.162.20
102.209.118.254
111.231.6.186
115.151.72.122
149.88.72.137
168.231.125.156
170.64.235.136
178.185.136.57
223.197.186.7
42.180.130.120
43.142.105.41
43.153.181.4
43.165.191.108
45.78.216.165
45.78.216.96
45.78.218.11
45.78.219.134
45.78.222.124
45.78.222.175
101.47.161.226
101.47.161.84
101.47.49.165
101.47.50.55
14.103.92.40
161.33.86.106
180.93.172.213
181.188.159.138
45.78.217.27
45.78.218.124
45.78.219.140
45.78.222.217
45.78.222.23
45.78.227.246
45.78.229.172
101.35.52.147
101.47.161.250
109.199.124.26
116.111.0.1
129.146.186.144
165.1.73.208
165.154.200.14
37.97.202.208
45.78.205.159
45.78.216.149
45.78.216.227
45.78.217.241
45.78.222.174
45.78.222.189
45.78.222.192
45.78.227.217
45.78.229.146
46.191.141.152
79.61.112.234
101.47.140.190
101.47.141.12
101.47.141.25
101.47.143.184
101.47.163.242
103.109.20.213
117.216.211.19
14.103.153.174
161.132.68.201
203.150.107.244
220.80.223.144
43.134.225.236
45.78.200.57
45.78.217.152
45.78.219.240
45.78.220.142
61.171.118.216
101.47.160.161
101.47.163.14
112.80.124.53
124.221.0.143
138.201.93.98
154.88.2.70
175.123.252.126
186.233.204.9
187.212.29.78
197.211.55.20
197.243.14.52
203.57.206.205
45.78.194.186
45.78.217.131
45.78.218.131
45.78.219.26
101.47.160.206
103.181.143.69
103.200.25.216
110.166.87.119
113.31.103.129
159.203.2.69
190.207.47.141
218.37.207.187
27.254.235.1
45.138.159.151
45.78.222.164
1.214.197.163
101.36.113.241
101.36.98.91
101.47.141.239
101.47.163.3
101.89.148.206
102.132.245.209
102.140.97.134
102.176.81.29
102.210.149.121
103.13.207.41
103.137.194.125
103.139.193.187
103.143.238.207
103.154.111.3
103.157.25.60
103.161.207.2
103.165.236.27
103.166.187.238
103.172.112.192
103.172.205.139
103.174.114.50
103.174.115.196
103.176.78.151
103.176.78.240
103.176.78.28
103.179.57.150
103.181.142.228
103.181.143.99
103.183.75.239
103.186.1.59
103.217.145.154
103.218.240.181
103.23.135.183
103.23.199.119
103.246.42.72
103.49.238.104
103.52.115.116
103.61.125.242
103.67.78.102
103.76.120.69
103.82.240.194
103.84.119.130
103.88.76.27
103.9.78.91
103.98.176.164
104.168.101.178
104.219.232.254
104.248.245.89
105.247.69.196
106.51.92.114
107.150.110.167
107.150.112.242
107.172.155.3
107.175.228.153
110.93.250.7
111.53.87.28
112.175.125.117
113.88.241.139
115.241.83.2
116.193.190.103
116.193.191.104
116.249.226.18
116.71.135.53
117.72.205.36
117.89.249.207
117.99.97.144
118.193.38.232
118.194.230.231
118.194.230.250
118.219.234.233
119.209.12.20
12.189.234.27
120.62.8.17
122.13.25.186
122.155.0.205
122.155.223.9
122.175.19.236
122.184.55.148
123.20.180.79
123.240.255.61
123.255.46.174
123.58.212.64
125.141.133.121
125.21.53.232
125.31.2.160
125.94.150.71
129.226.185.186
130.107.240.11
131.221.0.28
132.145.213.106
135.148.33.194
138.124.158.147
139.59.229.250
139.59.231.45
139.59.91.254
14.103.127.232
14.103.235.147
14.194.101.210
14.225.255.244
14.34.157.138
14.63.160.31
14.63.198.239
140.112.28.243
143.110.186.36
143.110.241.64
143.58.211.64
146.190.93.207
147.45.148.210
150.95.157.171
151.10.70.52
151.69.80.240
152.32.144.167
152.32.171.99
152.32.206.160
152.32.238.146
152.32.253.152
152.89.168.4
154.125.140.174
154.16.81.78
154.201.76.14
154.219.113.236
154.221.16.135
154.222.24.142
154.92.109.196
154.92.15.65
155.4.245.222
156.232.11.142
156.67.28.10
157.20.214.61
157.245.55.165
157.66.144.17
157.97.107.143
159.203.31.232
159.223.183.233
159.65.14.144
160.174.129.232
160.187.147.127
160.187.247.239
161.132.4.135
161.132.45.126
161.132.54.19
161.132.68.222
163.181.207.222
165.154.1.18
165.154.168.234
165.154.170.25
165.154.197.167
165.154.201.122
165.154.244.165
165.22.217.96
165.227.117.213
165.99.50.220
166.140.87.173
166.140.91.205
167.172.107.20
167.172.111.7
167.172.153.88
167.172.238.249
167.71.204.253
167.71.211.222
170.233.151.14
171.244.37.103
172.174.72.225
172.190.117.128
172.190.89.127
172.200.228.35
172.245.177.148
172.245.92.249
173.249.59.114
175.100.24.139
175.107.32.186
177.10.201.7
177.229.197.38
177.44.220.67
177.85.247.230
178.128.147.10
178.27.89.123
179.125.24.202
179.33.186.151
180.178.94.73
180.184.181.145
181.234.36.180
182.18.161.165
183.88.232.183
185.158.23.150
185.206.94.107
185.209.161.182
185.213.164.17
185.213.165.126
185.213.165.211
185.213.165.72
185.216.117.150
185.217.131.127
185.239.48.127
185.50.38.231
186.13.24.118
186.233.118.22
186.38.26.5
187.107.88.97
187.45.100.0
187.62.87.27
188.17.148.221
188.81.57.130
189.126.4.42
190.111.211.81
190.117.52.211
190.129.114.196
190.129.114.222
190.129.122.120
190.181.27.27
190.221.50.123
192.81.208.35
193.106.245.20
193.109.84.108
193.111.248.158
193.111.248.85
193.233.19.182
194.107.115.11
194.107.115.199
194.147.34.192
194.190.153.226
194.74.196.10
194.87.45.53
195.158.4.216
195.96.129.45
196.0.120.211
196.12.203.185
198.1.117.220
198.12.123.22
198.74.55.81
199.195.248.191
199.195.253.95
199.195.254.215
199.38.87.202
2.113.74.42
2.45.3.241
2.59.163.98
20.185.243.158
20.192.10.162
20.37.218.60
20.39.244.6
200.118.150.20
200.7.101.139
200.73.135.75
200.89.174.18
201.17.133.138
201.184.50.251
201.49.245.100
202.137.142.115
202.143.111.139
202.157.177.33
202.165.22.246
202.184.150.81
202.51.214.98
202.8.127.134
202.83.162.167
203.113.174.95
203.194.111.40
203.228.30.198
204.137.214.23
204.152.195.213
204.76.203.28
206.217.131.233
207.166.174.63
207.244.252.45
209.141.33.240
209.141.57.124
209.141.62.124
209.217.93.210
210.245.54.206
211.219.22.213
212.19.117.204
217.16.86.194
218.161.90.126
218.38.19.6
218.78.108.139
221.161.235.168
221.229.218.50
222.107.156.227
222.108.173.170
223.17.0.220
23.227.147.163
27.150.188.148
27.254.137.144
27.254.185.64
27.71.28.90
34.124.148.87
34.142.110.144
34.175.118.185
35.199.95.142
35.237.94.18
35.244.25.124
36.228.205.216
36.50.54.8
36.64.68.99
36.89.28.139
36.91.81.195
38.135.24.196
38.96.255.100
4.213.138.243
40.115.18.231
40.81.244.142
40.82.214.8
40.83.182.122
41.223.40.77
41.223.40.78
42.96.43.148
43.130.90.166
43.153.134.92
43.160.200.211
43.161.249.201
43.166.245.172
43.225.158.169
45.120.115.150
45.130.148.125
45.141.151.247
45.164.39.253
45.165.14.197
45.165.88.48
45.190.24.67
45.249.101.75
45.7.228.60
45.78.194.23
45.78.217.79
45.78.219.144
45.78.219.219
45.78.220.1
45.9.116.195
46.101.1.180
46.147.113.91
46.253.45.10
46.3.36.210
47.254.15.24
49.247.175.53
49.247.35.31
5.189.170.8
5.255.100.80
5.35.102.33
5.56.132.116
50.6.226.167
50.84.211.204
51.178.28.8
51.222.106.104
51.68.226.87
51.83.129.117
52.169.142.214
52.224.240.74
54.38.52.18
58.147.189.201
59.126.224.134
64.227.102.57
64.227.134.24
64.227.174.243
64.227.175.180
65.196.184.148
72.167.52.254
74.249.246.151
77.74.229.158
80.253.251.63
81.192.46.35
81.192.46.49
81.211.72.167
81.23.173.32
81.30.162.18
82.24.64.116
83.168.78.153
83.229.122.23
85.133.206.110
86.107.77.118
87.201.127.149
89.126.208.241
89.185.227.139
89.39.246.58
89.47.53.19
9.223.176.221
91.237.163.114
91.92.199.36
92.207.4.157
92.85.115.214
94.102.4.12
94.182.101.34
94.182.136.108
95.128.196.223
95.128.196.243
95.24.31.174
95.85.114.218
96.70.252.227
96.92.63.243
1.55.33.86
101.36.123.173
101.47.161.134
101.47.49.171
102.214.200.110
103.146.202.116
103.149.28.105
103.149.86.230
103.154.216.188
103.174.215.18
103.179.57.31
103.187.165.26
103.189.235.93
103.189.89.76
103.216.124.134
103.48.84.29
103.52.115.189
103.56.30.33
103.78.171.114
104.168.56.59
106.13.139.165
109.122.251.178
112.6.211.247
113.196.185.120
113.249.103.89
115.190.29.141
117.247.111.70
118.26.39.178
121.224.115.232
122.166.254.166
122.54.18.220
125.142.37.91
128.24.161.81
136.228.161.66
14.103.117.81
14.103.173.166
14.103.90.3
14.238.128.219
152.32.189.21
154.219.97.8
154.221.27.234
154.83.13.167
160.22.123.78
161.49.89.39
171.244.141.86
178.27.90.142
179.43.189.36
180.76.189.129
181.212.81.228
181.228.68.232
182.253.238.218
182.76.204.237
183.82.126.193
185.164.73.248
185.65.202.184
186.96.151.198
187.45.95.66
188.247.31.91
193.163.72.91
194.226.49.149
198.23.174.113
199.195.251.10
20.123.120.169
200.118.99.170
202.10.48.71
203.116.129.142
203.145.143.163
203.210.135.87
206.189.202.201
210.14.142.89
210.79.190.46
210.91.73.167
23.150.152.105
34.123.134.194
36.104.144.114
36.91.166.34
38.51.135.38
41.59.86.232
45.118.146.109
45.192.103.24
45.202.211.6
45.78.200.201
45.78.216.197
45.78.217.132
45.78.217.215
45.78.222.194
45.78.226.118
5.157.10.83
52.172.177.191
52.224.71.115
64.227.129.56
67.102.180.155
68.183.88.186
69.74.29.21
8.211.170.122
81.192.46.36
82.86.132.53
83.111.108.54
85.18.236.229
85.209.134.43
89.23.115.80
91.108.226.144
91.237.163.110
92.255.105.60
95.128.196.253
101.47.161.151
101.47.51.7
103.109.20.74
103.23.199.128
103.48.84.171
105.27.148.94
115.190.28.207
115.239.215.242
14.103.114.227
14.103.123.80
14.103.179.212
154.219.110.64
154.92.19.175
175.1.147.62
175.126.166.172
190.129.122.12
191.6.25.239
195.24.236.20
205.185.127.60
222.208.64.40
27.112.78.245
34.7.22.208
45.141.102.226
45.78.201.182
45.78.216.192
45.78.217.227
45.78.217.228
45.78.217.237
45.78.219.169
45.78.219.86
45.78.222.108
87.74.249.30
103.123.53.88
103.189.208.13
106.13.135.26
111.19.212.140
115.151.72.155
117.50.213.218
118.160.39.166
121.15.4.92
136.232.11.10
14.103.232.55
160.191.244.4
175.6.215.187
183.179.86.163
183.232.230.82
189.47.10.195
204.76.203.83
213.212.214.10
220.118.173.234
36.141.21.181
39.100.182.144
45.78.205.26
45.78.206.111
45.78.207.236
45.78.221.87
58.147.171.11
59.36.254.224
72.240.125.133
74.48.100.227
101.126.55.66
101.47.142.207
101.47.163.173
103.151.63.80
103.23.198.86
114.132.166.115
117.220.10.3
118.195.150.246
119.91.55.31
119.96.173.169
120.89.98.120
121.224.78.164
125.39.148.7
125.94.106.195
14.103.112.5
14.103.127.199
154.83.15.200
160.251.121.70
162.209.96.178
180.76.202.69
190.108.76.143
192.161.163.11
202.152.201.166
39.100.182.251
45.78.194.2
45.78.222.119
45.78.228.224
45.78.228.23
60.167.166.161
94.181.229.254
101.126.54.245
101.47.163.114
101.89.219.100
103.173.228.22
103.236.92.116
106.13.136.15
115.190.99.78
139.59.66.39
157.173.120.189
161.248.247.125
172.212.163.19
180.184.178.165
187.251.132.2
211.100.49.73
45.78.193.199
45.78.217.123
45.78.217.139
52.187.61.159
64.225.70.227
1.117.227.101
101.47.161.160
103.23.198.111
103.250.10.42
106.75.166.58
125.94.105.205
14.103.165.147
14.29.240.154
152.69.233.26
176.124.198.91
45.78.204.234
45.78.216.114
45.78.220.140
45.78.222.111
45.78.222.190
103.97.177.141
115.190.39.111
117.33.183.172
117.50.73.90
146.190.154.85
180.184.86.82
196.251.114.15
196.251.66.57
218.27.202.178
24.144.124.91
36.133.1.162
36.212.227.224
45.78.194.242
45.78.217.10
45.78.219.124
49.49.243.217
59.50.27.77
84.51.43.58
91.40.36.242
101.47.141.104
101.47.160.230
101.47.161.104
101.47.50.128
103.36.223.138
106.116.113.201
106.12.43.166
106.13.22.244
120.48.123.76
124.222.113.222
14.103.115.212
14.103.249.131
14.103.54.150
167.172.43.167
188.120.254.65
194.233.74.228
2.180.7.145
223.244.25.6
23.226.130.200
43.134.164.206
45.249.247.86
45.78.216.103
45.78.217.142
45.78.217.252
45.78.219.116
45.78.219.178
45.78.222.179
45.78.222.200
45.78.228.189
78.89.154.59
101.47.142.192
101.47.160.247
106.12.173.59
120.48.154.88
125.122.26.253
125.47.34.86
14.103.105.243
14.103.114.221
14.103.153.7
188.132.198.161
212.86.115.30
217.154.62.22
24.199.100.234
45.78.194.204
45.78.201.131
45.78.201.248
45.78.204.126
45.78.216.127
45.78.217.116
45.78.217.189
45.78.217.42
45.78.219.188
45.78.219.206
45.78.219.217
45.78.222.54
59.15.99.151
60.16.182.17
62.60.234.135
101.47.161.72
101.47.163.148
101.47.49.140
101.47.49.79
103.195.4.162
103.63.213.133
106.13.87.20
114.132.181.116
117.50.70.125
118.145.177.248
12.182.125.210
120.203.25.201
136.26.36.177
14.103.116.98
14.103.121.146
14.103.90.30
159.224.132.77
170.9.0.121
171.220.244.134
183.129.238.197
186.121.205.29
193.122.200.89
216.227.138.122
222.73.56.10
27.128.240.75
35.239.77.168
36.104.145.245
36.50.55.55
37.60.242.59
42.236.120.40
45.78.202.65
45.78.216.116
45.78.216.135
45.78.217.174
45.78.217.231
45.78.219.79
45.78.222.234
45.78.227.47
49.247.47.191
62.171.133.67
64.6.120.214
78.63.121.90
91.237.163.113
91.40.38.184
101.47.140.130
101.47.140.230
101.47.161.11
101.47.49.109
108.85.73.157
115.190.107.104
120.48.109.159
120.48.44.93
124.223.219.9
14.103.112.114
14.103.75.9
14.103.91.55
151.43.107.179
154.57.216.74
168.138.11.225
173.254.215.92
175.207.13.86
180.167.207.234
182.42.124.50
206.81.27.245
207.180.240.227
43.138.87.150
45.78.194.255
45.78.194.58
45.78.198.204
45.78.216.191
45.78.217.107
45.78.217.181
45.78.217.51
45.78.219.96
45.78.221.93
45.78.226.213
5.231.25.156
51.159.18.215
89.107.10.66
101.126.95.119
101.47.160.227
101.47.162.91
101.47.49.134
101.47.50.223
101.47.50.76
103.55.36.22
106.75.152.48
107.150.104.184
118.36.136.12
125.124.178.223
14.103.105.62
14.103.236.241
14.103.242.177
14.103.243.51
143.64.168.136
171.80.13.108
171.80.13.218
175.178.85.242
180.114.221.99
180.184.182.87
188.119.32.58
196.92.7.247
220.248.35.196
221.156.137.103
31.57.219.25
36.103.204.60
45.78.194.187
45.78.194.233
45.78.218.139
45.78.219.164
45.78.219.181
45.78.219.193
45.78.219.202
45.78.219.242
45.78.219.97
45.78.222.169
45.78.223.62
45.78.223.64
45.78.224.217
81.70.182.190
101.47.140.255
101.47.142.55
101.47.160.3
101.47.161.158
101.47.162.19
101.47.163.234
101.47.49.205
101.47.49.50
103.164.76.22
115.190.1.156
115.190.10.198
118.186.3.158
121.5.33.242
122.165.121.195
122.166.49.42
125.86.2.69
132.232.103.229
14.103.156.132
14.29.181.34
150.139.201.247
151.57.108.110
152.32.129.136
178.217.100.225
183.250.89.44
192.227.214.205
194.164.199.75
196.251.84.92
196.92.7.246
209.38.109.248
217.160.7.83
218.78.140.192
4.240.82.91
45.78.202.58
45.78.216.151
45.78.216.160
45.78.217.170
45.78.217.214
45.78.217.86
45.78.218.104
45.78.219.173
45.78.219.180
45.78.219.19
45.78.219.211
45.78.222.232
45.78.222.28
45.78.226.65
45.78.227.4
84.33.161.49
101.47.141.156
101.47.142.215
101.47.142.65
101.47.163.59
101.47.48.137
101.47.49.131
101.47.49.180
103.109.23.92
106.12.157.104
106.75.162.193
106.75.239.166
115.190.34.136
121.237.178.133
129.204.53.122
14.103.111.162
14.103.117.116
147.45.145.215
151.44.207.53
151.46.186.112
158.51.124.122
163.179.63.235
182.163.111.81
182.96.1.9
203.6.232.223
219.145.1.235
36.88.163.34
45.78.194.166
45.78.198.228
45.78.201.60
45.78.205.93
45.78.216.106
45.78.216.136
45.78.216.15
45.78.217.148
45.78.217.19
45.78.217.250
45.78.219.136
45.78.219.213
45.78.219.75
45.78.222.11
45.78.222.146
45.78.222.222
45.78.228.165
45.78.231.192
46.249.101.120
64.226.100.148
85.198.17.88
101.36.120.76
101.47.141.125
101.47.142.56
101.47.161.128
101.47.161.223
101.47.161.79
101.47.162.116
101.47.163.20
101.47.50.102
101.47.50.52
101.47.51.246
101.89.151.162
103.210.73.10
103.215.80.173
114.67.125.183
115.190.75.125
118.193.47.50
14.103.114.172
14.103.152.56
14.103.63.16
14.29.170.54
151.36.122.159
183.66.149.42
218.15.121.54
39.100.183.18
45.78.194.222
45.78.194.53
45.78.195.236
45.78.197.104
45.78.197.91
45.78.200.30
45.78.206.15
45.78.206.159
45.78.216.107
45.78.217.14
45.78.217.146
45.78.218.10
45.78.219.168
45.78.219.186
45.78.219.39
45.78.219.81
45.78.222.149
45.78.222.207
45.78.224.112
45.78.227.255
45.78.228.30
49.75.185.71
101.126.130.220
101.126.153.85
101.42.100.189
101.47.142.105
101.47.142.21
101.47.142.247
101.47.142.43
101.47.160.137
101.47.160.250
101.47.161.135
101.47.161.75
101.47.161.80
101.47.163.103
101.47.48.243
101.47.49.98
101.47.50.159
103.217.145.104
104.28.192.60
111.172.5.138
115.190.123.84
115.190.21.68
115.190.31.251
118.195.217.113
120.48.53.219
124.226.212.169
129.146.36.136
14.103.114.218
14.103.117.73
14.103.244.250
14.103.25.86
150.95.85.24
185.216.119.134
196.251.66.114
223.93.8.66
36.137.99.125
42.51.42.209
43.155.188.250
45.78.194.137
45.78.194.59
45.78.194.88
45.78.198.126
45.78.205.7
45.78.219.119
45.78.219.232
45.78.219.95
45.78.221.8
45.78.221.90
45.78.222.248
45.78.222.4
45.78.229.108
45.78.229.14
58.49.42.234
59.36.211.132
69.5.0.120
95.217.133.197
101.36.231.233
101.47.142.2
101.47.162.24
101.47.49.133
101.47.49.177
101.47.50.95
106.12.215.233
106.13.37.197
106.246.224.218
114.219.157.97
115.190.172.12
115.190.34.105
116.118.20.160
117.50.70.169
118.195.182.56
120.26.160.116
121.204.153.72
121.229.13.210
121.229.9.97
138.2.4.123
14.103.114.85
14.103.123.166
14.103.123.75
14.103.79.11
143.110.137.94
154.144.225.226
165.22.210.238
167.148.203.246
180.163.62.180
181.0.192.28
196.92.7.249
202.155.90.110
218.78.50.25
220.154.131.216
221.229.219.42
221.229.220.180
222.219.131.90
45.78.194.32
45.78.216.189
45.78.216.212
45.78.217.127
45.78.217.238
45.78.217.36
45.78.217.98
45.78.218.148
45.78.219.49
45.78.220.157
45.78.222.117
45.78.222.162
47.156.237.143
58.33.58.37
59.36.78.66
101.47.140.127
101.47.140.146
101.47.142.10
101.47.143.252
101.47.143.255
101.47.160.5
101.47.160.50
114.220.238.30
116.118.50.150
117.50.120.215
117.50.180.4
117.68.114.201
120.48.182.189
124.223.114.102
124.223.94.233
125.27.93.128
129.204.23.127
134.209.180.30
14.103.114.195
14.103.114.196
14.103.127.66
14.103.235.205
14.116.189.74
151.43.127.31
155.94.170.162
159.223.230.239
168.107.4.224
170.64.168.171
180.76.190.171
182.44.68.62
20.255.61.0
203.0.104.170
203.189.221.17
212.11.64.219
221.224.194.3
27.128.175.119
37.49.148.70
38.182.239.2
41.216.177.55
42.51.49.239
45.78.198.115
45.78.216.188
45.78.217.242
45.78.219.120
45.78.219.223
45.78.222.188
45.78.222.26
45.78.223.67
45.78.229.227
61.171.53.162
79.127.134.73
79.127.169.64
91.98.161.94
101.126.138.155
101.47.163.143
101.47.163.249
101.47.163.44
101.47.49.210
102.208.184.2
103.14.32.75
103.172.18.144
106.75.37.139
107.174.52.86
113.249.158.104
115.190.39.222
115.190.47.111
115.190.91.198
117.131.245.62
117.81.233.236
121.204.220.5
125.94.235.86
14.103.115.162
14.103.116.192
14.103.120.242
14.103.123.73
14.103.127.230
14.103.127.231
14.103.127.58
151.36.166.93
152.32.250.188
183.15.123.188
183.56.167.11
196.221.204.150
202.85.222.190
212.64.73.89
218.78.46.81
36.112.133.74
36.134.126.74
45.119.80.10
45.78.194.212
45.78.194.78
45.78.198.178
45.78.207.126
45.78.217.1
45.78.217.17
45.78.217.71
45.78.217.97
45.78.219.237
45.78.219.44
45.78.222.160
45.78.229.174
45.78.229.237
49.64.242.249
61.190.114.203
8.219.248.7
84.201.243.44
101.47.141.170
101.47.143.205
101.47.162.0
101.47.163.102
101.47.50.8
103.164.57.37
103.90.225.35
106.0.4.233
109.199.125.81
112.132.249.164
115.190.93.214
116.140.216.14
118.145.207.125
119.96.191.166
120.48.74.118
134.175.247.110
139.59.18.224
14.103.112.1
14.103.115.210
14.103.122.215
14.103.243.87
14.18.54.181
151.19.2.77
160.22.122.35
166.140.93.55
171.80.11.160
180.76.139.209
196.221.38.56
210.16.181.18
45.78.194.215
45.78.194.8
45.78.196.198
45.78.219.247
45.78.222.150
45.78.222.39
45.78.224.109
49.228.106.233
49.232.7.128
49.7.220.97
49.7.235.27
61.58.190.249
82.65.121.222
83.146.13.126
1.15.24.14
101.126.55.179
101.126.55.67
101.47.161.248
101.47.48.238
101.47.50.118
106.36.198.78
106.37.72.234
115.190.42.78
120.27.163.65
120.48.20.170
122.51.216.86
124.7.227.98
139.9.183.160
14.103.107.31
14.103.114.194
14.103.114.63
14.103.118.186
14.103.118.74
14.103.127.23
14.103.143.135
14.215.126.91
170.81.154.83
175.12.108.55
182.40.195.233
194.105.5.128
196.221.38.76
203.205.37.233
218.0.63.25
220.196.191.58
223.221.38.226
23.91.96.70
41.33.225.154
45.78.198.206
45.78.205.117
45.78.207.134
45.78.216.148
45.78.217.219
45.78.218.154
45.78.219.236
45.78.219.241
45.78.222.157
45.78.229.73
45.78.230.30
50.6.195.206
58.209.234.84
101.126.81.188
101.47.142.76
101.47.161.221
101.47.161.65
101.47.48.205
103.109.20.198
103.144.2.208
103.48.84.147
106.13.113.158
106.13.182.13
106.15.196.75
110.166.66.55
113.141.171.139
114.136.184.97
114.217.142.216
116.153.81.58
118.186.208.20
120.48.147.81
120.48.39.224
122.224.240.99
129.212.183.112
14.103.120.70
14.103.228.246
144.48.243.18
171.80.11.236
175.126.123.231
176.10.204.49
178.204.114.141
180.106.80.16
180.76.104.44
180.76.145.111
182.212.206.226
182.42.71.56
183.221.243.13
192.252.186.87
223.241.247.214
36.139.226.237
45.78.203.124
45.78.218.105
45.78.218.109
45.78.227.89
58.82.169.249
101.126.24.71
101.126.54.167
101.47.161.202
101.47.162.254
103.109.23.96
103.42.181.150
117.50.67.183
120.26.55.18
121.227.152.171
124.163.255.210
124.230.167.23
125.76.228.194
14.103.114.17
14.103.115.234
14.103.118.189
14.103.123.19
14.103.127.30
14.103.203.191
14.29.186.213
142.93.142.200
152.136.108.201
180.180.94.93
197.134.254.118
202.103.55.158
203.57.206.134
203.83.234.180
209.38.88.226
216.10.250.218
219.150.93.157
219.152.170.58
27.254.235.3
36.103.243.179
46.25.236.192
60.174.72.198
101.126.149.60
101.126.68.11
101.43.78.118
103.214.112.160
106.13.145.120
106.37.72.112
106.55.197.89
113.108.95.34
117.102.100.58
119.8.52.142
121.227.31.13
121.229.9.110
123.160.167.73
123.52.62.186
124.221.16.51
124.236.76.72
14.103.113.42
14.103.115.181
14.103.34.252
14.29.250.147
150.138.115.76
154.219.125.194
170.82.104.76
180.153.91.15
180.76.113.11
180.76.97.132
183.236.30.60
186.13.43.140
190.0.63.226
190.19.10.129
196.251.69.157
197.5.145.8
2.57.217.229
20.215.33.244
203.195.202.77
203.83.238.175
212.129.235.196
218.15.1.50
221.14.219.220
36.138.252.97
36.213.176.230
42.121.126.144
42.81.81.165
45.78.218.14
49.64.85.138
49.72.212.22
82.156.110.102
93.118.101.49
101.126.157.72
101.126.88.33
101.89.186.252
103.187.215.99
106.12.35.31
112.196.70.142
113.74.218.206
114.220.176.69
114.242.9.121
115.190.107.28
117.72.122.86
120.48.43.176
120.48.98.125
122.144.131.25
123.59.135.110
124.220.53.92
139.199.3.232
14.103.118.177
14.103.118.61
14.103.127.204
14.103.162.75
14.103.18.123
14.103.192.217
14.103.76.234
14.29.228.33
151.34.237.251
152.32.129.236
157.245.109.13
158.69.222.135
159.13.21.98
165.154.105.128
165.210.33.193
167.99.49.89
171.83.17.121
180.168.24.186
180.184.161.95
183.232.113.102
196.251.81.21
20.74.129.185
209.38.30.187
212.112.19.121
222.173.165.238
27.71.27.54
45.78.204.252
78.187.21.105
81.192.138.65
101.126.154.172
101.126.83.54
101.126.90.24
101.36.224.146
101.47.163.81
103.59.163.132
104.28.192.61
106.13.181.42
111.229.109.241
111.32.153.180
111.39.190.137
113.31.107.103
114.135.56.30
115.190.110.197
115.190.12.80
115.190.99.236
119.96.157.188
120.240.95.27
120.48.122.52
122.192.33.39
123.253.22.30
124.226.216.189
125.124.183.254
125.39.93.73
128.24.161.185
134.199.170.126
139.170.104.232
139.196.218.159
14.103.109.71
14.103.112.35
14.103.114.2
14.103.114.205
14.103.114.90
14.103.115.25
14.103.123.232
14.103.127.233
14.103.127.7
14.103.31.218
151.19.32.69
151.82.127.174
180.100.217.164
180.184.134.158
183.23.61.57
197.134.254.83
203.156.216.10
203.25.208.110
203.33.206.106
213.35.102.195
217.142.191.86
220.86.29.37
221.209.46.93
36.134.147.79
39.164.232.214
45.78.198.194
45.78.217.67
45.78.221.94
71.30.205.83
80.136.8.29
101.47.143.72
103.149.93.100
103.241.43.72
103.59.163.134
113.201.174.99
115.190.11.142
118.163.132.212
121.31.210.125
134.199.195.22
14.103.112.100
14.103.112.116
14.103.114.20
14.103.117.97
14.103.117.98
14.103.127.234
14.103.175.130
14.103.177.217
171.80.13.116
175.125.95.234
180.76.134.56
181.46.131.55
198.98.53.110
20.74.129.184
20.74.129.187
203.57.39.187
222.73.135.87
36.135.113.182
45.78.219.56
45.78.220.122
45.78.227.45
5.129.218.123
58.216.53.130
8.133.194.64
94.182.15.17
98.66.235.6
1.220.64.218
101.126.24.74
101.126.89.144
101.207.142.155
101.52.216.156
103.42.74.124
106.13.184.33
106.13.7.239
106.75.222.166
115.190.87.71
117.184.117.206
117.50.190.138
119.96.158.87
120.48.23.28
121.231.33.152
124.230.167.26
125.122.27.77
125.208.17.16
132.226.83.135
139.162.79.180
14.103.114.231
14.103.115.159
14.103.118.140
14.103.118.213
14.103.120.147
14.103.127.80
14.103.170.189
14.103.204.38
14.103.206.196
14.103.243.142
14.103.37.34
14.103.67.10
14.103.74.80
140.245.53.245
154.92.14.191
161.35.83.178
165.140.237.71
180.76.121.42
185.125.202.112
196.221.165.62
20.109.38.240
20.74.129.186
202.184.113.86
211.49.80.49
223.95.201.175
34.81.116.132
36.111.82.169
36.135.113.189
43.128.110.15
45.132.1.80
45.64.112.117
45.78.222.140
45.78.226.12
45.78.237.21
47.254.0.169
61.240.156.16
61.247.117.92
80.136.13.5
101.126.30.126
101.126.66.30
101.227.203.162
103.139.193.37
104.28.224.61
106.12.128.54
106.75.24.177
111.68.107.91
112.4.79.138
113.141.70.64
115.190.17.57
115.190.197.45
115.190.46.94
115.190.75.248
115.239.189.162
117.50.226.213
119.96.131.8
119.96.158.238
120.48.115.122
120.48.55.126
125.34.90.155
14.103.107.29
14.103.111.16
14.103.117.86
14.103.117.93
14.103.118.145
14.103.118.167
14.103.127.243
14.18.77.99
140.206.83.106
157.245.228.37
175.173.170.199
180.184.176.74
180.184.182.130
180.76.57.208
186.118.142.216
199.203.249.29
20.233.57.93
207.46.224.81
211.72.129.212
218.201.21.170
222.88.225.195
27.223.28.107
36.108.175.144
36.212.183.116
36.248.147.167
43.138.40.107
45.121.1.56
45.153.34.93
45.192.104.156
45.78.194.243
45.78.194.44
45.78.195.33
45.78.216.158
45.78.217.161
45.78.219.87
45.78.227.29
58.49.26.202
65.78.96.246
8.243.50.114
101.126.138.113
101.126.54.23
101.126.54.66
103.159.206.99
103.179.218.243
104.131.169.37
106.13.120.146
106.75.12.191
112.30.60.47
114.246.241.87
115.190.100.174
117.161.3.194
117.174.18.61
117.34.125.173
118.196.44.251
119.45.40.108
120.224.42.110
120.48.147.111
120.48.228.132
122.96.151.110
137.184.179.27
138.2.73.70
14.103.107.234
14.103.115.143
14.103.117.77
14.103.123.50
14.103.123.8
14.103.129.174
14.103.202.110
14.103.228.201
140.245.117.214
161.118.135.41
164.92.202.181
168.196.144.234
180.76.105.165
180.76.250.38
188.150.132.56
203.2.164.205
211.72.129.211
217.142.191.30
217.170.199.90
218.84.133.225
220.205.122.62
223.94.38.72
36.111.159.87
36.50.176.13
39.172.103.33
41.185.26.213
42.51.42.196
47.86.1.37
57.151.128.193
59.42.251.44
62.168.141.48
64.79.232.38
79.116.189.168
81.12.40.251
84.241.12.245
1.95.37.4
101.126.13.34
101.126.143.71
101.126.31.191
103.109.23.101
103.147.159.198
103.151.125.64
103.236.92.230
104.28.224.60
106.75.154.117
115.190.107.24
115.190.57.49
119.96.174.235
120.48.170.78
122.166.190.162
124.222.148.115
124.238.255.43
125.66.20.212
138.124.30.225
14.103.115.124
14.103.115.54
14.103.117.69
14.103.118.212
14.103.120.124
14.103.123.6
14.103.145.231
14.103.156.206
14.103.192.171
14.103.84.166
14.153.12.69
144.31.17.24
146.56.47.137
156.245.248.226
157.20.215.180
167.99.50.197
178.251.140.3
180.76.227.2
182.42.80.121
192.210.160.141
196.251.117.6
197.134.250.149
207.166.176.226
210.236.249.126
211.198.128.204
212.227.3.34
212.227.76.120
217.219.74.98
220.154.129.88
222.79.105.211
222.92.63.244
27.159.97.209
27.185.31.205
27.45.146.119
36.108.172.220
36.212.217.15
37.255.234.87
45.135.232.47
45.156.185.163
45.78.193.188
60.212.41.202
8.213.49.22
93.118.137.48
1.7.229.162
101.126.145.29
101.42.21.62
101.69.132.194
103.146.158.87
103.148.92.47
103.229.81.170
103.248.30.205
103.56.115.6
103.61.225.169
106.245.246.26
106.75.26.113
109.191.146.98
109.195.19.44
112.164.20.69
112.30.7.45
114.111.54.188
115.190.105.137
115.190.148.156
115.190.3.151
115.190.35.194
115.190.51.238
115.190.51.71
115.190.76.77
115.190.81.168
115.190.89.75
116.196.82.228
116.255.252.44
117.72.174.95
118.163.132.211
118.196.5.80
120.26.121.70
120.48.122.102
120.48.54.170
120.48.78.54
121.26.29.66
123.209.75.92
123.51.28.60
125.39.179.192
125.67.190.16
128.185.199.14
134.242.224.37
135.232.176.181
138.59.233.5
14.103.107.228
14.103.111.167
14.103.112.122
14.103.118.150
14.103.122.180
14.103.123.206
14.103.127.74
14.103.138.132
14.103.147.55
14.103.151.61
14.103.207.186
14.18.37.109
14.203.9.130
140.245.52.115
141.144.232.25
146.158.107.16
147.45.116.110
149.130.161.241
150.158.30.31
159.75.149.54
161.35.116.38
171.221.225.104
175.27.168.51
176.72.161.75
177.207.248.141
178.128.232.91
178.208.124.2
179.185.29.233
180.71.9.31
180.76.166.252
183.6.117.180
183.92.116.81
185.128.107.29
185.21.252.204
188.90.232.152
2.55.122.202
202.155.123.93
203.142.72.194
207.178.68.76
208.109.38.143
209.141.52.88
210.13.106.89
211.196.31.2
212.120.163.110
212.227.3.26
218.8.225.25
222.108.177.110
222.214.44.69
27.123.98.138
36.137.91.216
36.139.158.129
42.96.19.87
43.135.172.68
43.153.98.178
43.252.231.122
45.115.173.11
45.178.70.3
45.181.207.154
45.78.194.246
45.78.222.244
45.78.222.58
47.243.13.66
47.254.229.197
47.86.235.58
49.124.148.195
49.249.76.221
49.36.82.101
49.50.11.27
5.140.212.144
51.75.142.157
58.18.212.238
58.27.253.6
59.12.160.91
59.16.182.31
60.163.139.198
61.72.59.106
62.221.114.157
65.20.131.7
65.20.132.172
69.181.161.39
8.154.0.67
8.222.190.38
80.191.102.86
80.191.103.19
81.182.6.115
82.128.242.175
83.50.51.5
84.121.201.219
87.252.174.2
91.224.185.231
93.118.162.43
93.118.98.84
93.145.118.40
93.171.185.76
95.153.98.7
95.47.239.28
96.44.158.206
1.193.163.2
1.241.64.92
1.94.6.85
101.126.84.11
101.13.5.49
101.133.235.172
101.226.10.214
101.36.123.102
101.42.105.185
101.47.160.122
101.47.161.136
101.47.180.106
101.89.148.7
102.207.152.72
103.140.2.112
103.147.248.23
103.148.92.43
103.174.9.66
103.191.14.112
103.47.73.2
103.96.74.83
104.155.27.128
105.73.190.66
105.73.191.156
105.73.203.111
106.13.135.4
106.246.89.68
107.175.67.54
108.90.216.10
109.206.113.74
109.206.115.23
109.227.4.209
109.233.21.109
109.248.160.158
110.25.105.161
110.77.148.87
111.23.117.116
111.26.63.89
111.38.221.138
111.53.61.57
111.70.32.9
112.102.61.21
112.184.12.214
112.184.8.125
112.194.142.167
112.91.138.67
113.125.78.197
113.219.177.95
113.233.100.80
113.240.114.164
115.190.139.51
115.190.156.107
115.190.199.78
115.190.44.104
115.190.96.175
115.77.111.2
116.113.253.142
116.113.255.106
116.114.84.170
116.116.156.198
116.253.213.64
116.48.151.249
116.68.154.66
117.187.66.166
117.191.83.250
117.211.197.38
117.50.51.198
118.1.71.187
118.183.180.108
118.194.235.105
118.212.78.226
118.91.162.146
119.200.229.33
119.6.55.57
119.92.76.210
12.197.49.58
120.205.80.210
120.233.128.103
120.238.23.168
120.48.125.223
120.48.131.211
120.48.72.55
121.131.220.144
121.134.31.193
121.142.146.165
121.179.93.147
121.202.146.144
121.202.152.6
121.204.179.231
121.52.219.120
122.160.80.105
122.165.72.15
122.168.127.166
122.170.99.195
122.185.144.150
122.186.202.54
122.186.244.34
122.187.229.99
122.187.230.130
122.187.230.181
122.187.230.183
123.24.148.249
124.114.149.106
124.167.20.72
124.228.32.34
124.239.129.2
125.19.251.90
125.20.207.154
125.20.251.70
125.229.102.40
125.23.155.110
125.59.252.103
125.64.209.11
128.185.194.22
128.185.211.102
128.185.235.110
13.70.19.40
134.242.224.35
14.103.105.56
14.103.107.221
14.103.117.88
14.103.118.166
14.103.122.90
14.103.127.82
14.103.138.129
14.103.164.204
14.103.170.125
14.103.198.81
14.103.205.40
14.103.71.220
14.103.86.183
14.29.198.25
14.54.22.11
141.145.148.117
143.105.110.242
146.158.109.249
146.158.114.82
149.50.207.123
149.54.62.22
152.67.60.131
154.146.238.121
155.212.1.235
157.122.198.56
159.223.2.115
160.30.172.107
161.118.206.188
161.81.25.86
163.223.244.3
165.169.82.194
168.138.202.218
168.167.55.230
169.150.226.164
169.211.232.182
170.233.29.175
172.90.128.97
174.138.73.124
175.198.168.224
175.206.113.91
177.174.0.3
177.174.95.245
177.223.133.104
177.44.71.244
178.177.200.26
178.178.222.58
178.178.222.59
178.46.128.225
179.125.169.77
179.127.153.202
179.185.161.145
180.104.103.146
180.183.245.232
180.188.253.150
180.232.43.10
180.76.165.82
180.76.176.144
180.76.243.13
180.94.75.114
182.156.80.11
182.70.122.245
182.75.227.178
183.167.234.154
183.171.144.219
183.171.7.149
183.224.122.114
183.237.164.194
183.239.20.236
183.247.171.186
183.69.133.54
185.101.16.250
185.15.189.232
185.216.231.185
186.177.88.89
187.188.186.235
187.218.57.50
187.40.215.162
187.8.120.90
187.8.64.94
188.43.204.45
191.177.194.83
191.59.187.13
192.46.237.133
193.164.205.94
194.179.135.174
194.230.82.157
194.60.231.42
194.87.105.204
195.142.106.177
195.222.59.157
196.188.187.85
196.251.114.14
196.251.84.140
196.251.87.61
197.219.210.86
197.255.141.37
2.180.18.173
2.181.30.7
2.55.70.124
200.141.211.58
200.195.67.82
200.92.209.158
203.119.115.10
203.128.10.138
203.192.247.84
203.193.147.37
203.219.39.130
203.252.10.4
204.93.116.102
207.200.180.174
207.254.22.207
208.96.233.67
209.14.70.41
210.177.143.61
210.204.110.224
210.206.24.238
210.245.33.154
210.4.68.73
211.107.92.94
211.223.41.90
212.149.174.110
212.227.3.29
212.90.75.159
213.130.207.177
216.194.174.27
217.33.89.47
218.149.235.152
218.200.9.182
218.22.187.66
218.233.16.190
218.238.15.224
219.139.41.6
220.154.129.56
220.246.42.212
221.120.42.196
222.169.71.110
222.236.155.146
222.87.43.4
223.210.27.53
223.82.236.69
223.84.17.16
23.95.35.114
24.105.160.100
24.196.148.169
24.237.119.118
24.45.235.183
27.39.130.144
31.199.10.46
31.43.192.2
35.130.111.146
35.130.111.98
36.134.20.42
36.135.125.196
36.135.62.87
36.139.10.172
36.155.114.62
36.155.92.2
37.142.76.41
37.49.148.135
38.242.235.190
38.95.121.236
39.107.140.60
39.164.91.67
41.224.62.206
41.59.200.166
41.75.122.7
42.203.111.50
42.236.68.28
42.48.26.177
43.224.249.34
45.10.175.77
45.119.114.86
45.170.50.2
45.78.217.85
45.78.218.111
45.78.230.137
46.161.196.5
47.115.206.94
47.122.112.53
47.206.63.169
47.236.57.0
47.237.125.52
47.237.152.191
47.237.30.199
47.239.238.63
47.239.253.153
47.243.132.220
47.243.227.167
47.254.215.149
47.79.89.23
47.83.255.123
47.84.38.21
47.86.2.149
49.124.148.31
49.124.151.18
49.124.151.71
49.124.152.207
49.124.152.208
49.124.152.216
49.124.152.247
49.124.152.253
49.124.153.16
49.124.153.19
49.124.153.53
49.124.154.153
49.124.154.162
49.124.154.163
49.125.201.78
49.125.201.87
49.125.201.89
5.11.164.165
5.159.117.105
5.167.74.143
5.79.216.38
5.98.27.178
50.188.204.213
50.82.10.155
57.132.150.162
58.37.100.53
58.56.128.190
59.7.79.146
60.161.14.45
60.166.8.174
60.169.27.157
60.174.118.123
60.175.154.230
61.145.136.16
61.216.7.163
61.37.150.6
61.59.6.81
62.140.234.114
62.192.159.96
62.192.226.83
62.201.212.52
62.201.253.23
62.97.214.11
63.135.169.175
63.47.149.59
64.79.232.68
65.20.131.63
65.20.187.47
65.20.197.142
65.20.211.96
65.20.217.88
67.213.230.122
67.219.229.99
69.5.19.65
71.12.241.225
71.29.23.109
73.2.221.162
74.65.185.138
75.156.87.199
75.157.196.239
75.159.23.83
77.22.182.230
77.235.115.42
77.39.15.25
77.94.125.250
78.111.83.5
78.188.102.28
78.68.254.64
78.73.220.144
78.73.229.47
79.161.138.244
79.98.102.173
8.134.11.187
8.134.15.135
8.140.111.184
8.208.46.148
8.210.127.63
8.210.221.149
8.218.155.152
8.219.128.158
8.219.130.31
8.219.164.164
8.219.96.91
8.220.150.43
8.220.199.95
8.222.166.144
80.227.138.214
80.250.155.76
81.167.102.168
81.227.67.211
82.102.149.88
82.158.88.158
82.199.197.245
82.209.148.60
82.67.120.215
83.136.176.12
83.227.140.125
84.43.254.214
85.105.2.51
85.30.248.213
87.100.195.242
87.236.226.58
87.246.0.68
88.131.165.45
90.160.139.163
91.207.181.124
91.244.113.178
91.92.207.185
91.92.212.86
92.112.126.192
92.126.223.175
92.62.243.175
92.84.21.186
93.118.105.184
93.152.210.169
93.152.210.187
93.152.210.197
93.152.210.209
93.157.248.178
93.241.232.14
94.131.211.168
94.154.217.188
94.20.234.161
95.130.227.152
96.27.58.35
98.50.13.224
